0 0 2880 0 0 0
0 1992 2880 1992 1 0
2880 0 2880 1992 2 0
0 0 0 1992 3 0

1097 189 1221 190 0 0

155 750 787 750 0 0
787 750 787 773 2 0
787 773 806 773 0 0
806 685 806 773 3 0
220 685 806 685 1 0
220 645 220 685 3 0
220 645 330 645 0 0
330 445 330 645 3 0
330 445 380 445 0 0
380 445 380 640 2 0
380 640 750 640 0 0
750 580 750 640 3 0
750 580 870 580 0 0
870 580 870 685 2 0
870 685 1010 685 0 0
1010 370 1010 685 3 0
990 370 1010 370 1 0
990 220 990 370 3 0

1193 830 1560 830 0 0
1193 820 1193 830 2 0
1193 820 1565 820 1 0
1560 820 1560 1060 2 0
1565 820 1565 1060 3 0
1272 1060 1565 1060 0 0
1278 1015 1560 1015 1 0
1278 924 1278 1015 3 0
1272 973 1273 1060 2 0
1190 924 1278 924 1 0
1190 970 1278 970 0 0
1193 924 1193 970 2 0


475 1080 808 1080 0 0
809 832 809 1080 3 0
475 1080 475 1340 3 0
475 1338 528 1338 1 0
528 1338 528 1668 3 0
478 1668 528 1668 0 0
478 1605 478 1668 2 0
408 1605 408 1668 3 0
337 1605 408 1605 1 0
337 1605 337 1642 2 0
319 1642 337 1642 1 0
319 1642 319 1692 2 0
319 1692 337 1692 0 0
337 1692 337 1810 2 0
70 1810 337 1810 1 0
70 1692 70 1810 3 0
70 1692 237 1692 0 0
237 1642 237 1692 3 0
70 1642 237 1642 1 0
70 1572 70 1642 3 0
70 1572 105 1572 0 0
105 1520 105 1572 3 0
70 1520 105 1520 1 0
70 1395 70 1520 3 0
70 1395 208 1395 0 0
208 1395 208 1520 2 0
190 1520 208 1520 1 0
190 1520 190 1572 2 0
190 1572 217 1572 2 0
217 1345 217 1572 3 0
70 1345 217 1345 1 0
70 1193 70 1345 3 0
70 1193 270 1193 0 0
270 1193 317 1233 4 0
317 1233 317 1345 2 0
298 1345 317 1345 1 0
298 1345 298 1399 2 0
298 1399 381 1399 0 0
381 1331 381 1399 3 0
356 1331 381 1331 1 0
356 1078 356 1331 3 0
356 1078 376 1078 0 0
376 1014 376 1078 3 0
356 1014 376 1014 1 0
356 924 356 1014 3 0
346 924 356 924 1 0
346 846 346 924 3 0
258 846 346 846 1 0
258 846 258 896 2 0
258 896 338 896 0 0
338 896 338 970 2 0
338 970 290 1000 5 0
200 1000 290 1000 1 0
200 1000 155 970 6 0
155 896 155 970 3 0
155 896 174 896 0 0
174 846 174 896 3 0
155 846 174 846 1 0
155 750 155 846 3 0

478 1605 504 1605 1 0
504 1399 504 1605 2 0
450 1399 504 1399 0 0
450 1335 450 1399 2 0
450 1335 462 1335 1 0
462 1080 462 1335 2 0
445 1080 462 1080 0 0
445 1015 445 1080 2 0
445 1015 462 1015 1 0
462 924 462 1015 2 0
462 924 472 924 1 0
472 844 472 924 2 0
472 844 515 844 1 0
515 844 515 912 3 0
495 912 515 912 0 0
495 912 495 1045 3 0
495 1045 600 1045 1 0
600 997 600 1045 2 0
600 997 678 997 1 0
678 997 678 1045 3 0
678 1045 720 1045 1 0
720 997 720 1045 2 0
720 997 802 997 1 0
802 942 802 997 2 0
720 942 802 942 0 0
720 911 720 942 2 0
675 911 720 911 0 0
675 911 675 943 3 0
603 943 675 943 0 0
603 912 603 943 2 0
582 912 603 912 0 0
582 844 582 912 2 0
582 844 784 844 1 0
784 832 784 844 2 0
784 832 809 832 1 0

300 1452 435 1452 1 0
435 1452 435 1545 3 0
300 1545 435 1545 0 0
300 1452 300 1545 2 0

357 1668 407 1668 0 0
357 1668 357 1842 3 0
457 1875 357 1842 6 0
457 1875 678 1875 1 0
678 1592 678 1875 2 0
678 1592 861 1592 1 0
861 1492 861 1592 2 0
861 1492 882 1492 1 0
882 1492 882 1556 3 0
873 1556 882 1556 0 0
873 1556 873 1645 3 0
766 1645 873 1645 0 0
694 1735 766 1645 7 0
694 1735 855 1735 1 0
855 1735 855 1824 3 0
855 1824 915 1824 1 0
988 1747 915 1824 5 0
988 1645 988 1747 2 0
963 1645 988 1645 0 0

720 1138 936 1138 1 0
936 1138 936 1378 3 0
833 1378 936 1378 0 0
833 1378 833 1455 3 0
812 1455 833 1455 0 0
812 1391 812 1455 2 0
812 1391 819 1391 1 0
819 1332 819 1391 2 0
819 1332 927 1332 1 0
927 1183 927 1332 2 0
726 1183 927 1183 0 0
726 1183 726 1391 3 0
726 1391 739 1391 1 0
739 1391 739 1455 3 0
720 1455 739 1455 0 0
720 1138 720 1455 2 0

1089 1171 1970 1171 1 0
1970 1171 1970 1277 3 0
1951 1277 1970 1277 0 0
1951 1237 1951 1277 2 0
1612 1237 1951 1237 0 0
1612 1237 1612 1349 3 0
1612 1349 1631 1349 1 0
1631 1349 1631 1400 3 0
1573 1400 1631 1400 0 0
1573 1349 1573 1400 2 0
1573 1349 1605 1349 1 0
1605 1253 1605 1349 2 0
1510 1253 1605 1253 0 0
1510 1238 1510 1253 2 0
1111 1238 1510 1238 0 0
1111 1171 1111 1351 3 0
1111 1351 1156 1351 1 0
1156 1351 1156 1400 3 0
1111 1400 1156 1400 0 0
1111 1351 1111 1469 3 0
1111 1469 1245 1469 1 0
1245 1469 1245 1531 3 0
1218 1531 1245 1531 0 0
1218 1531 1218 1587 3 0
1197 1587 1218 1587 0 0
1197 1532 1197 1587 2 0
1089 1532 1197 1532 0 0
1089 1171 1089 1532 2 0

1240 1350 1489 1350 1 0
1489 1350 1489 1401 3 0
1240 1401 1489 1401 0 0
1240 1350 1240 1401 2 0


1971 1338 2009 1338 1 0
2009 1315 2009 1338 2 0
2009 1315 2108 1315 1 0
2108 1089 2108 1315 2 0

1971 1335 1971 1413 3 0
1950 1335 1971 1335 1 0
1950 1335 1950 1350 2 0
1715 1350 1950 1350 1 0
1715 1350 1715 1401 2 0
1715 1401 1735 1401 0 0
1735 1401 1735 1469 2 0
1492 1469 1735 1469 1 0
1492 1469 1492 1633 2 0
1492 1633 1521 1633 0 0
1521 1401 1521 1633 3 0
1521 1526 1736 1526 0 0
1736 1401 1736 1682 2 0
1683 1682 1736 1682 1 0
1683 1682 1683 1746 2 0
1683 1746 1733 1746 0 0
1733 1746 1733 1773 2 0
1733 1773 1843 1773 0 0
1843 1509 1843 1773 3 0
1843 1509 2290 1509 0 0
2290 1509 2377 1409 7 0


